// MilkShape 3D ASCII

Frames: 125
Frame: 47

Meshes: 6
"luz_1" 0 0
90
0 -2.998014 1.738020 0.000000 0.000000 0.000000 0
0 -2.998014 1.042813 0.000000 0.000000 0.200000 0
0 -1.562263 1.042813 0.000000 0.333333 0.200000 0
0 -2.998014 1.738020 0.000000 0.000000 0.000000 0
0 -1.562263 1.042813 0.000000 0.333333 0.200000 0
0 -1.562263 1.738020 0.000000 0.333333 0.000000 0
0 -1.562263 1.042813 0.000000 0.333333 0.200000 0
0 -0.126508 1.042813 0.000000 0.666667 0.200000 0
0 -0.126508 1.738020 0.000000 0.666667 0.000000 0
0 -1.562263 1.042813 0.000000 0.333333 0.200000 0
0 -0.126508 1.738020 0.000000 0.666667 0.000000 0
0 -1.562263 1.738020 0.000000 0.333333 0.000000 0
0 -0.126508 1.738020 0.000000 0.666667 0.000000 0
0 -0.126508 1.042813 0.000000 0.666667 0.200000 0
0 1.309256 1.042813 0.000000 1.000000 0.200000 0
0 -0.126508 1.738020 0.000000 0.666667 0.000000 0
0 1.309256 1.042813 0.000000 1.000000 0.200000 0
0 1.309256 1.738020 0.000000 1.000000 0.000000 0
0 -2.998014 0.347604 0.000000 0.000000 0.400000 0
0 -1.562263 0.347604 0.000000 0.333333 0.400000 0
0 -1.562263 1.042813 0.000000 0.333333 0.200000 0
0 -2.998014 0.347604 0.000000 0.000000 0.400000 0
0 -1.562263 1.042813 0.000000 0.333333 0.200000 0
0 -2.998014 1.042813 0.000000 0.000000 0.200000 0
0 -1.562263 1.042813 0.000000 0.333333 0.200000 0
0 -1.562263 0.347604 0.000000 0.333333 0.400000 0
0 -0.126508 0.347604 0.000000 0.666667 0.400000 0
0 -1.562263 1.042813 0.000000 0.333333 0.200000 0
0 -0.126508 0.347604 0.000000 0.666667 0.400000 0
0 -0.126508 1.042813 0.000000 0.666667 0.200000 0
0 -0.126508 0.347604 0.000000 0.666667 0.400000 0
0 1.309256 0.347604 0.000000 1.000000 0.400000 0
0 1.309256 1.042813 0.000000 1.000000 0.200000 0
0 -0.126508 0.347604 0.000000 0.666667 0.400000 0
0 1.309256 1.042813 0.000000 1.000000 0.200000 0
0 -0.126508 1.042813 0.000000 0.666667 0.200000 0
0 -2.998014 0.347604 0.000000 0.000000 0.400000 0
0 -2.998014 -0.347604 0.000000 0.000000 0.600000 0
0 -1.562263 -0.347604 0.000000 0.333333 0.600000 0
0 -2.998014 0.347604 0.000000 0.000000 0.400000 0
0 -1.562263 -0.347604 0.000000 0.333333 0.600000 0
0 -1.562263 0.347604 0.000000 0.333333 0.400000 0
0 -1.562263 -0.347604 0.000000 0.333333 0.600000 0
0 -0.126508 -0.347604 0.000000 0.666667 0.600000 0
0 -0.126508 0.347604 0.000000 0.666667 0.400000 0
0 -1.562263 -0.347604 0.000000 0.333333 0.600000 0
0 -0.126508 0.347604 0.000000 0.666667 0.400000 0
0 -1.562263 0.347604 0.000000 0.333333 0.400000 0
0 -0.126508 0.347604 0.000000 0.666667 0.400000 0
0 -0.126508 -0.347604 0.000000 0.666667 0.600000 0
0 1.309256 -0.347604 0.000000 1.000000 0.600000 0
0 -0.126508 0.347604 0.000000 0.666667 0.400000 0
0 1.309256 -0.347604 0.000000 1.000000 0.600000 0
0 1.309256 0.347604 0.000000 1.000000 0.400000 0
0 -2.998014 -1.042811 0.000000 0.000000 0.800000 0
0 -1.562263 -1.042811 0.000000 0.333333 0.800000 0
0 -1.562263 -0.347604 0.000000 0.333333 0.600000 0
0 -2.998014 -1.042811 0.000000 0.000000 0.800000 0
0 -1.562263 -0.347604 0.000000 0.333333 0.600000 0
0 -2.998014 -0.347604 0.000000 0.000000 0.600000 0
0 -1.562263 -0.347604 0.000000 0.333333 0.600000 0
0 -1.562263 -1.042811 0.000000 0.333333 0.800000 0
0 -0.126508 -1.042811 0.000000 0.666667 0.800000 0
0 -1.562263 -0.347604 0.000000 0.333333 0.600000 0
0 -0.126508 -1.042811 0.000000 0.666667 0.800000 0
0 -0.126508 -0.347604 0.000000 0.666667 0.600000 0
0 -0.126508 -1.042811 0.000000 0.666667 0.800000 0
0 1.309256 -1.042811 0.000000 1.000000 0.800000 0
0 1.309256 -0.347604 0.000000 1.000000 0.600000 0
0 -0.126508 -1.042811 0.000000 0.666667 0.800000 0
0 1.309256 -0.347604 0.000000 1.000000 0.600000 0
0 -0.126508 -0.347604 0.000000 0.666667 0.600000 0
0 -2.998014 -1.042811 0.000000 0.000000 0.800000 0
0 -2.998014 -1.738020 0.000000 0.000000 1.000000 0
0 -1.562263 -1.738020 0.000000 0.333333 1.000000 0
0 -2.998014 -1.042811 0.000000 0.000000 0.800000 0
0 -1.562263 -1.738020 0.000000 0.333333 1.000000 0
0 -1.562263 -1.042811 0.000000 0.333333 0.800000 0
0 -1.562263 -1.738020 0.000000 0.333333 1.000000 0
0 -0.126508 -1.738020 0.000000 0.666667 1.000000 0
0 -0.126508 -1.042811 0.000000 0.666667 0.800000 0
0 -1.562263 -1.738020 0.000000 0.333333 1.000000 0
0 -0.126508 -1.042811 0.000000 0.666667 0.800000 0
0 -1.562263 -1.042811 0.000000 0.333333 0.800000 0
0 -0.126508 -1.042811 0.000000 0.666667 0.800000 0
0 -0.126508 -1.738020 0.000000 0.666667 1.000000 0
0 1.309256 -1.738020 0.000000 1.000000 1.000000 0
0 -0.126508 -1.042811 0.000000 0.666667 0.800000 0
0 1.309256 -1.738020 0.000000 1.000000 1.000000 0
0 1.309256 -1.042811 0.000000 1.000000 0.800000 0
1
0.000000 0.000000 1.000000
30
0 0 1 2 0 0 0 1
0 3 4 5 0 0 0 1
0 6 7 8 0 0 0 1
0 9 10 11 0 0 0 1
0 12 13 14 0 0 0 1
0 15 16 17 0 0 0 1
0 18 19 20 0 0 0 1
0 21 22 23 0 0 0 1
0 24 25 26 0 0 0 1
0 27 28 29 0 0 0 1
0 30 31 32 0 0 0 1
0 33 34 35 0 0 0 1
0 36 37 38 0 0 0 1
0 39 40 41 0 0 0 1
0 42 43 44 0 0 0 1
0 45 46 47 0 0 0 1
0 48 49 50 0 0 0 1
0 51 52 53 0 0 0 1
0 54 55 56 0 0 0 1
0 57 58 59 0 0 0 1
0 60 61 62 0 0 0 1
0 63 64 65 0 0 0 1
0 66 67 68 0 0 0 1
0 69 70 71 0 0 0 1
0 72 73 74 0 0 0 1
0 75 76 77 0 0 0 1
0 78 79 80 0 0 0 1
0 81 82 83 0 0 0 1
0 84 85 86 0 0 0 1
0 87 88 89 0 0 0 1
"luz_2" 0 0
90
0 -1.428763 1.153038 0.000000 0.000000 0.000000 1
0 -1.428763 0.691824 0.000000 0.000000 0.200000 1
0 -0.476268 0.691824 0.000000 0.333333 0.200000 1
0 -1.428763 1.153038 0.000000 0.000000 0.000000 1
0 -0.476268 0.691824 0.000000 0.333333 0.200000 1
0 -0.476268 1.153038 0.000000 0.333333 0.000000 1
0 -0.476268 0.691824 0.000000 0.333333 0.200000 1
0 0.476260 0.691824 0.000000 0.666667 0.200000 1
0 0.476260 1.153038 0.000000 0.666667 0.000000 1
0 -0.476268 0.691824 0.000000 0.333333 0.200000 1
0 0.476260 1.153038 0.000000 0.666667 0.000000 1
0 -0.476268 1.153038 0.000000 0.333333 0.000000 1
0 0.476260 1.153038 0.000000 0.666667 0.000000 1
0 0.476260 0.691824 0.000000 0.666667 0.200000 1
0 1.428766 0.691824 0.000000 1.000000 0.200000 1
0 0.476260 1.153038 0.000000 0.666667 0.000000 1
0 1.428766 0.691824 0.000000 1.000000 0.200000 1
0 1.428766 1.153038 0.000000 1.000000 0.000000 1
0 -1.428763 0.230609 0.000000 0.000000 0.400000 1
0 -0.476268 0.230609 0.000000 0.333333 0.400000 1
0 -0.476268 0.691824 0.000000 0.333333 0.200000 1
0 -1.428763 0.230609 0.000000 0.000000 0.400000 1
0 -0.476268 0.691824 0.000000 0.333333 0.200000 1
0 -1.428763 0.691824 0.000000 0.000000 0.200000 1
0 -0.476268 0.691824 0.000000 0.333333 0.200000 1
0 -0.476268 0.230609 0.000000 0.333333 0.400000 1
0 0.476260 0.230609 0.000000 0.666667 0.400000 1
0 -0.476268 0.691824 0.000000 0.333333 0.200000 1
0 0.476260 0.230609 0.000000 0.666667 0.400000 1
0 0.476260 0.691824 0.000000 0.666667 0.200000 1
0 0.476260 0.230609 0.000000 0.666667 0.400000 1
0 1.428766 0.230609 0.000000 1.000000 0.400000 1
0 1.428766 0.691824 0.000000 1.000000 0.200000 1
0 0.476260 0.230609 0.000000 0.666667 0.400000 1
0 1.428766 0.691824 0.000000 1.000000 0.200000 1
0 0.476260 0.691824 0.000000 0.666667 0.200000 1
0 -1.428763 0.230609 0.000000 0.000000 0.400000 1
0 -1.428763 -0.230609 0.000000 0.000000 0.600000 1
0 -0.476268 -0.230609 0.000000 0.333333 0.600000 1
0 -1.428763 0.230609 0.000000 0.000000 0.400000 1
0 -0.476268 -0.230609 0.000000 0.333333 0.600000 1
0 -0.476268 0.230609 0.000000 0.333333 0.400000 1
0 -0.476268 -0.230609 0.000000 0.333333 0.600000 1
0 0.476260 -0.230609 0.000000 0.666667 0.600000 1
0 0.476260 0.230609 0.000000 0.666667 0.400000 1
0 -0.476268 -0.230609 0.000000 0.333333 0.600000 1
0 0.476260 0.230609 0.000000 0.666667 0.400000 1
0 -0.476268 0.230609 0.000000 0.333333 0.400000 1
0 0.476260 0.230609 0.000000 0.666667 0.400000 1
0 0.476260 -0.230609 0.000000 0.666667 0.600000 1
0 1.428766 -0.230609 0.000000 1.000000 0.600000 1
0 0.476260 0.230609 0.000000 0.666667 0.400000 1
0 1.428766 -0.230609 0.000000 1.000000 0.600000 1
0 1.428766 0.230609 0.000000 1.000000 0.400000 1
0 -1.428763 -0.691822 0.000000 0.000000 0.800000 1
0 -0.476268 -0.691822 0.000000 0.333333 0.800000 1
0 -0.476268 -0.230609 0.000000 0.333333 0.600000 1
0 -1.428763 -0.691822 0.000000 0.000000 0.800000 1
0 -0.476268 -0.230609 0.000000 0.333333 0.600000 1
0 -1.428763 -0.230609 0.000000 0.000000 0.600000 1
0 -0.476268 -0.230609 0.000000 0.333333 0.600000 1
0 -0.476268 -0.691822 0.000000 0.333333 0.800000 1
0 0.476260 -0.691822 0.000000 0.666667 0.800000 1
0 -0.476268 -0.230609 0.000000 0.333333 0.600000 1
0 0.476260 -0.691822 0.000000 0.666667 0.800000 1
0 0.476260 -0.230609 0.000000 0.666667 0.600000 1
0 0.476260 -0.691822 0.000000 0.666667 0.800000 1
0 1.428766 -0.691822 0.000000 1.000000 0.800000 1
0 1.428766 -0.230609 0.000000 1.000000 0.600000 1
0 0.476260 -0.691822 0.000000 0.666667 0.800000 1
0 1.428766 -0.230609 0.000000 1.000000 0.600000 1
0 0.476260 -0.230609 0.000000 0.666667 0.600000 1
0 -1.428763 -0.691822 0.000000 0.000000 0.800000 1
0 -1.428763 -1.153038 0.000000 0.000000 1.000000 1
0 -0.476268 -1.153038 0.000000 0.333333 1.000000 1
0 -1.428763 -0.691822 0.000000 0.000000 0.800000 1
0 -0.476268 -1.153038 0.000000 0.333333 1.000000 1
0 -0.476268 -0.691822 0.000000 0.333333 0.800000 1
0 -0.476268 -1.153038 0.000000 0.333333 1.000000 1
0 0.476260 -1.153038 0.000000 0.666667 1.000000 1
0 0.476260 -0.691822 0.000000 0.666667 0.800000 1
0 -0.476268 -1.153038 0.000000 0.333333 1.000000 1
0 0.476260 -0.691822 0.000000 0.666667 0.800000 1
0 -0.476268 -0.691822 0.000000 0.333333 0.800000 1
0 0.476260 -0.691822 0.000000 0.666667 0.800000 1
0 0.476260 -1.153038 0.000000 0.666667 1.000000 1
0 1.428766 -1.153038 0.000000 1.000000 1.000000 1
0 0.476260 -0.691822 0.000000 0.666667 0.800000 1
0 1.428766 -1.153038 0.000000 1.000000 1.000000 1
0 1.428766 -0.691822 0.000000 1.000000 0.800000 1
1
0.000000 0.000000 1.000000
30
0 0 1 2 0 0 0 1
0 3 4 5 0 0 0 1
0 6 7 8 0 0 0 1
0 9 10 11 0 0 0 1
0 12 13 14 0 0 0 1
0 15 16 17 0 0 0 1
0 18 19 20 0 0 0 1
0 21 22 23 0 0 0 1
0 24 25 26 0 0 0 1
0 27 28 29 0 0 0 1
0 30 31 32 0 0 0 1
0 33 34 35 0 0 0 1
0 36 37 38 0 0 0 1
0 39 40 41 0 0 0 1
0 42 43 44 0 0 0 1
0 45 46 47 0 0 0 1
0 48 49 50 0 0 0 1
0 51 52 53 0 0 0 1
0 54 55 56 0 0 0 1
0 57 58 59 0 0 0 1
0 60 61 62 0 0 0 1
0 63 64 65 0 0 0 1
0 66 67 68 0 0 0 1
0 69 70 71 0 0 0 1
0 72 73 74 0 0 0 1
0 75 76 77 0 0 0 1
0 78 79 80 0 0 0 1
0 81 82 83 0 0 0 1
0 84 85 86 0 0 0 1
0 87 88 89 0 0 0 1
"luz_3" 0 0
90
0 -0.594746 0.847588 0.000000 0.000000 0.000000 2
0 -0.594746 0.508554 0.000000 0.000000 0.200000 2
0 0.105431 0.508554 0.000000 0.333333 0.200000 2
0 -0.594746 0.847588 0.000000 0.000000 0.000000 2
0 0.105431 0.508554 0.000000 0.333333 0.200000 2
0 0.105431 0.847588 0.000000 0.333333 0.000000 2
0 0.105431 0.508554 0.000000 0.333333 0.200000 2
0 0.805615 0.508554 0.000000 0.666667 0.200000 2
0 0.805615 0.847588 0.000000 0.666667 0.000000 2
0 0.105431 0.508554 0.000000 0.333333 0.200000 2
0 0.805615 0.847588 0.000000 0.666667 0.000000 2
0 0.105431 0.847588 0.000000 0.333333 0.000000 2
0 0.805615 0.847588 0.000000 0.666667 0.000000 2
0 0.805615 0.508554 0.000000 0.666667 0.200000 2
0 1.505795 0.508554 0.000000 1.000000 0.200000 2
0 0.805615 0.847588 0.000000 0.666667 0.000000 2
0 1.505795 0.508554 0.000000 1.000000 0.200000 2
0 1.505795 0.847588 0.000000 1.000000 0.000000 2
0 -0.594746 0.169519 0.000000 0.000000 0.400000 2
0 0.105431 0.169519 0.000000 0.333333 0.400000 2
0 0.105431 0.508554 0.000000 0.333333 0.200000 2
0 -0.594746 0.169519 0.000000 0.000000 0.400000 2
0 0.105431 0.508554 0.000000 0.333333 0.200000 2
0 -0.594746 0.508554 0.000000 0.000000 0.200000 2
0 0.105431 0.508554 0.000000 0.333333 0.200000 2
0 0.105431 0.169519 0.000000 0.333333 0.400000 2
0 0.805615 0.169519 0.000000 0.666667 0.400000 2
0 0.105431 0.508554 0.000000 0.333333 0.200000 2
0 0.805615 0.169519 0.000000 0.666667 0.400000 2
0 0.805615 0.508554 0.000000 0.666667 0.200000 2
0 0.805615 0.169519 0.000000 0.666667 0.400000 2
0 1.505795 0.169519 0.000000 1.000000 0.400000 2
0 1.505795 0.508554 0.000000 1.000000 0.200000 2
0 0.805615 0.169519 0.000000 0.666667 0.400000 2
0 1.505795 0.508554 0.000000 1.000000 0.200000 2
0 0.805615 0.508554 0.000000 0.666667 0.200000 2
0 -0.594746 0.169519 0.000000 0.000000 0.400000 2
0 -0.594746 -0.169517 0.000000 0.000000 0.600000 2
0 0.105431 -0.169517 0.000000 0.333333 0.600000 2
0 -0.594746 0.169519 0.000000 0.000000 0.400000 2
0 0.105431 -0.169517 0.000000 0.333333 0.600000 2
0 0.105431 0.169519 0.000000 0.333333 0.400000 2
0 0.105431 -0.169517 0.000000 0.333333 0.600000 2
0 0.805615 -0.169517 0.000000 0.666667 0.600000 2
0 0.805615 0.169519 0.000000 0.666667 0.400000 2
0 0.105431 -0.169517 0.000000 0.333333 0.600000 2
0 0.805615 0.169519 0.000000 0.666667 0.400000 2
0 0.105431 0.169519 0.000000 0.333333 0.400000 2
0 0.805615 0.169519 0.000000 0.666667 0.400000 2
0 0.805615 -0.169517 0.000000 0.666667 0.600000 2
0 1.505795 -0.169517 0.000000 1.000000 0.600000 2
0 0.805615 0.169519 0.000000 0.666667 0.400000 2
0 1.505795 -0.169517 0.000000 1.000000 0.600000 2
0 1.505795 0.169519 0.000000 1.000000 0.400000 2
0 -0.594746 -0.508553 0.000000 0.000000 0.800000 2
0 0.105431 -0.508553 0.000000 0.333333 0.800000 2
0 0.105431 -0.169517 0.000000 0.333333 0.600000 2
0 -0.594746 -0.508553 0.000000 0.000000 0.800000 2
0 0.105431 -0.169517 0.000000 0.333333 0.600000 2
0 -0.594746 -0.169517 0.000000 0.000000 0.600000 2
0 0.105431 -0.169517 0.000000 0.333333 0.600000 2
0 0.105431 -0.508553 0.000000 0.333333 0.800000 2
0 0.805615 -0.508553 0.000000 0.666667 0.800000 2
0 0.105431 -0.169517 0.000000 0.333333 0.600000 2
0 0.805615 -0.508553 0.000000 0.666667 0.800000 2
0 0.805615 -0.169517 0.000000 0.666667 0.600000 2
0 0.805615 -0.508553 0.000000 0.666667 0.800000 2
0 1.505795 -0.508553 0.000000 1.000000 0.800000 2
0 1.505795 -0.169517 0.000000 1.000000 0.600000 2
0 0.805615 -0.508553 0.000000 0.666667 0.800000 2
0 1.505795 -0.169517 0.000000 1.000000 0.600000 2
0 0.805615 -0.169517 0.000000 0.666667 0.600000 2
0 -0.594746 -0.508553 0.000000 0.000000 0.800000 2
0 -0.594746 -0.847588 0.000000 0.000000 1.000000 2
0 0.105431 -0.847588 0.000000 0.333333 1.000000 2
0 -0.594746 -0.508553 0.000000 0.000000 0.800000 2
0 0.105431 -0.847588 0.000000 0.333333 1.000000 2
0 0.105431 -0.508553 0.000000 0.333333 0.800000 2
0 0.105431 -0.847588 0.000000 0.333333 1.000000 2
0 0.805615 -0.847588 0.000000 0.666667 1.000000 2
0 0.805615 -0.508553 0.000000 0.666667 0.800000 2
0 0.105431 -0.847588 0.000000 0.333333 1.000000 2
0 0.805615 -0.508553 0.000000 0.666667 0.800000 2
0 0.105431 -0.508553 0.000000 0.333333 0.800000 2
0 0.805615 -0.508553 0.000000 0.666667 0.800000 2
0 0.805615 -0.847588 0.000000 0.666667 1.000000 2
0 1.505795 -0.847588 0.000000 1.000000 1.000000 2
0 0.805615 -0.508553 0.000000 0.666667 0.800000 2
0 1.505795 -0.847588 0.000000 1.000000 1.000000 2
0 1.505795 -0.508553 0.000000 1.000000 0.800000 2
1
0.000000 0.000000 1.000000
30
0 0 1 2 0 0 0 1
0 3 4 5 0 0 0 1
0 6 7 8 0 0 0 1
0 9 10 11 0 0 0 1
0 12 13 14 0 0 0 1
0 15 16 17 0 0 0 1
0 18 19 20 0 0 0 1
0 21 22 23 0 0 0 1
0 24 25 26 0 0 0 1
0 27 28 29 0 0 0 1
0 30 31 32 0 0 0 1
0 33 34 35 0 0 0 1
0 36 37 38 0 0 0 1
0 39 40 41 0 0 0 1
0 42 43 44 0 0 0 1
0 45 46 47 0 0 0 1
0 48 49 50 0 0 0 1
0 51 52 53 0 0 0 1
0 54 55 56 0 0 0 1
0 57 58 59 0 0 0 1
0 60 61 62 0 0 0 1
0 63 64 65 0 0 0 1
0 66 67 68 0 0 0 1
0 69 70 71 0 0 0 1
0 72 73 74 0 0 0 1
0 75 76 77 0 0 0 1
0 78 79 80 0 0 0 1
0 81 82 83 0 0 0 1
0 84 85 86 0 0 0 1
0 87 88 89 0 0 0 1
"luz_4" 0 0
90
0 3.059975 -1.738019 0.000000 0.000000 0.000000 3
0 3.059975 -1.042812 0.000000 0.000000 0.200000 3
0 1.624231 -1.042812 0.000000 0.333333 0.200000 3
0 3.059975 -1.738019 0.000000 0.000000 0.000000 3
0 1.624231 -1.042812 0.000000 0.333333 0.200000 3
0 1.624231 -1.738019 0.000000 0.333333 0.000000 3
0 1.624231 -1.042812 0.000000 0.333333 0.200000 3
0 0.188471 -1.042812 0.000000 0.666667 0.200000 3
0 0.188471 -1.738020 0.000000 0.666667 0.000000 3
0 1.624231 -1.042812 0.000000 0.333333 0.200000 3
0 0.188471 -1.738020 0.000000 0.666667 0.000000 3
0 1.624231 -1.738019 0.000000 0.333333 0.000000 3
0 0.188471 -1.738020 0.000000 0.666667 0.000000 3
0 0.188471 -1.042812 0.000000 0.666667 0.200000 3
0 -1.247280 -1.042813 0.000000 1.000000 0.200000 3
0 0.188471 -1.738020 0.000000 0.666667 0.000000 3
0 -1.247280 -1.042813 0.000000 1.000000 0.200000 3
0 -1.247280 -1.738020 0.000000 1.000000 0.000000 3
0 3.059975 -0.347604 0.000000 0.000000 0.400000 3
0 1.624231 -0.347604 0.000000 0.333333 0.400000 3
0 1.624231 -1.042812 0.000000 0.333333 0.200000 3
0 3.059975 -0.347604 0.000000 0.000000 0.400000 3
0 1.624231 -1.042812 0.000000 0.333333 0.200000 3
0 3.059975 -1.042812 0.000000 0.000000 0.200000 3
0 1.624231 -1.042812 0.000000 0.333333 0.200000 3
0 1.624231 -0.347604 0.000000 0.333333 0.400000 3
0 0.188471 -0.347604 0.000000 0.666667 0.400000 3
0 1.624231 -1.042812 0.000000 0.333333 0.200000 3
0 0.188471 -0.347604 0.000000 0.666667 0.400000 3
0 0.188471 -1.042812 0.000000 0.666667 0.200000 3
0 0.188471 -0.347604 0.000000 0.666667 0.400000 3
0 -1.247280 -0.347605 0.000000 1.000000 0.400000 3
0 -1.247280 -1.042813 0.000000 1.000000 0.200000 3
0 0.188471 -0.347604 0.000000 0.666667 0.400000 3
0 -1.247280 -1.042813 0.000000 1.000000 0.200000 3
0 0.188471 -1.042812 0.000000 0.666667 0.200000 3
0 3.059975 -0.347604 0.000000 0.000000 0.400000 3
0 3.059975 0.347605 0.000000 0.000000 0.600000 3
0 1.624231 0.347605 0.000000 0.333333 0.600000 3
0 3.059975 -0.347604 0.000000 0.000000 0.400000 3
0 1.624231 0.347605 0.000000 0.333333 0.600000 3
0 1.624231 -0.347604 0.000000 0.333333 0.400000 3
0 1.624231 0.347605 0.000000 0.333333 0.600000 3
0 0.188471 0.347605 0.000000 0.666667 0.600000 3
0 0.188471 -0.347604 0.000000 0.666667 0.400000 3
0 1.624231 0.347605 0.000000 0.333333 0.600000 3
0 0.188471 -0.347604 0.000000 0.666667 0.400000 3
0 1.624231 -0.347604 0.000000 0.333333 0.400000 3
0 0.188471 -0.347604 0.000000 0.666667 0.400000 3
0 0.188471 0.347605 0.000000 0.666667 0.600000 3
0 -1.247280 0.347605 0.000000 1.000000 0.600000 3
0 0.188471 -0.347604 0.000000 0.666667 0.400000 3
0 -1.247280 0.347605 0.000000 1.000000 0.600000 3
0 -1.247280 -0.347605 0.000000 1.000000 0.400000 3
0 3.059975 1.042812 0.000000 0.000000 0.800000 3
0 1.624231 1.042812 0.000000 0.333333 0.800000 3
0 1.624231 0.347605 0.000000 0.333333 0.600000 3
0 3.059975 1.042812 0.000000 0.000000 0.800000 3
0 1.624231 0.347605 0.000000 0.333333 0.600000 3
0 3.059975 0.347605 0.000000 0.000000 0.600000 3
0 1.624231 0.347605 0.000000 0.333333 0.600000 3
0 1.624231 1.042812 0.000000 0.333333 0.800000 3
0 0.188471 1.042812 0.000000 0.666667 0.800000 3
0 1.624231 0.347605 0.000000 0.333333 0.600000 3
0 0.188471 1.042812 0.000000 0.666667 0.800000 3
0 0.188471 0.347605 0.000000 0.666667 0.600000 3
0 0.188471 1.042812 0.000000 0.666667 0.800000 3
0 -1.247280 1.042812 0.000000 1.000000 0.800000 3
0 -1.247280 0.347605 0.000000 1.000000 0.600000 3
0 0.188471 1.042812 0.000000 0.666667 0.800000 3
0 -1.247280 0.347605 0.000000 1.000000 0.600000 3
0 0.188471 0.347605 0.000000 0.666667 0.600000 3
0 3.059975 1.042812 0.000000 0.000000 0.800000 3
0 3.059975 1.738020 0.000000 0.000000 1.000000 3
0 1.624231 1.738020 0.000000 0.333333 1.000000 3
0 3.059975 1.042812 0.000000 0.000000 0.800000 3
0 1.624231 1.738020 0.000000 0.333333 1.000000 3
0 1.624231 1.042812 0.000000 0.333333 0.800000 3
0 1.624231 1.738020 0.000000 0.333333 1.000000 3
0 0.188471 1.738020 0.000000 0.666667 1.000000 3
0 0.188471 1.042812 0.000000 0.666667 0.800000 3
0 1.624231 1.738020 0.000000 0.333333 1.000000 3
0 0.188471 1.042812 0.000000 0.666667 0.800000 3
0 1.624231 1.042812 0.000000 0.333333 0.800000 3
0 0.188471 1.042812 0.000000 0.666667 0.800000 3
0 0.188471 1.738020 0.000000 0.666667 1.000000 3
0 -1.247280 1.738020 0.000000 1.000000 1.000000 3
0 0.188471 1.042812 0.000000 0.666667 0.800000 3
0 -1.247280 1.738020 0.000000 1.000000 1.000000 3
0 -1.247280 1.042812 0.000000 1.000000 0.800000 3
1
0.000000 0.000000 1.000000
30
0 0 1 2 0 0 0 1
0 3 4 5 0 0 0 1
0 6 7 8 0 0 0 1
0 9 10 11 0 0 0 1
0 12 13 14 0 0 0 1
0 15 16 17 0 0 0 1
0 18 19 20 0 0 0 1
0 21 22 23 0 0 0 1
0 24 25 26 0 0 0 1
0 27 28 29 0 0 0 1
0 30 31 32 0 0 0 1
0 33 34 35 0 0 0 1
0 36 37 38 0 0 0 1
0 39 40 41 0 0 0 1
0 42 43 44 0 0 0 1
0 45 46 47 0 0 0 1
0 48 49 50 0 0 0 1
0 51 52 53 0 0 0 1
0 54 55 56 0 0 0 1
0 57 58 59 0 0 0 1
0 60 61 62 0 0 0 1
0 63 64 65 0 0 0 1
0 66 67 68 0 0 0 1
0 69 70 71 0 0 0 1
0 72 73 74 0 0 0 1
0 75 76 77 0 0 0 1
0 78 79 80 0 0 0 1
0 81 82 83 0 0 0 1
0 84 85 86 0 0 0 1
0 87 88 89 0 0 0 1
"luz_5" 0 0
90
0 1.583113 -1.277604 0.000000 0.000000 0.000000 4
0 1.583113 -0.766562 0.000000 0.000000 0.200000 4
0 0.527706 -0.766563 0.000000 0.333333 0.200000 4
0 1.583113 -1.277604 0.000000 0.000000 0.000000 4
0 0.527706 -0.766563 0.000000 0.333333 0.200000 4
0 0.527706 -1.277604 0.000000 0.333333 0.000000 4
0 0.527706 -0.766563 0.000000 0.333333 0.200000 4
0 -0.527703 -0.766563 0.000000 0.666667 0.200000 4
0 -0.527703 -1.277604 0.000000 0.666667 0.000000 4
0 0.527706 -0.766563 0.000000 0.333333 0.200000 4
0 -0.527703 -1.277604 0.000000 0.666667 0.000000 4
0 0.527706 -1.277604 0.000000 0.333333 0.000000 4
0 -0.527703 -1.277604 0.000000 0.666667 0.000000 4
0 -0.527703 -0.766563 0.000000 0.666667 0.200000 4
0 -1.583113 -0.766563 0.000000 1.000000 0.200000 4
0 -0.527703 -1.277604 0.000000 0.666667 0.000000 4
0 -1.583113 -0.766563 0.000000 1.000000 0.200000 4
0 -1.583113 -1.277604 0.000000 1.000000 0.000000 4
0 1.583113 -0.255522 0.000000 0.000000 0.400000 4
0 0.527706 -0.255522 0.000000 0.333333 0.400000 4
0 0.527706 -0.766563 0.000000 0.333333 0.200000 4
0 1.583113 -0.255522 0.000000 0.000000 0.400000 4
0 0.527706 -0.766563 0.000000 0.333333 0.200000 4
0 1.583113 -0.766562 0.000000 0.000000 0.200000 4
0 0.527706 -0.766563 0.000000 0.333333 0.200000 4
0 0.527706 -0.255522 0.000000 0.333333 0.400000 4
0 -0.527703 -0.255522 0.000000 0.666667 0.400000 4
0 0.527706 -0.766563 0.000000 0.333333 0.200000 4
0 -0.527703 -0.255522 0.000000 0.666667 0.400000 4
0 -0.527703 -0.766563 0.000000 0.666667 0.200000 4
0 -0.527703 -0.255522 0.000000 0.666667 0.400000 4
0 -1.583113 -0.255522 0.000000 1.000000 0.400000 4
0 -1.583113 -0.766563 0.000000 1.000000 0.200000 4
0 -0.527703 -0.255522 0.000000 0.666667 0.400000 4
0 -1.583113 -0.766563 0.000000 1.000000 0.200000 4
0 -0.527703 -0.766563 0.000000 0.666667 0.200000 4
0 1.583113 -0.255522 0.000000 0.000000 0.400000 4
0 1.583113 0.255522 0.000000 0.000000 0.600000 4
0 0.527706 0.255522 0.000000 0.333333 0.600000 4
0 1.583113 -0.255522 0.000000 0.000000 0.400000 4
0 0.527706 0.255522 0.000000 0.333333 0.600000 4
0 0.527706 -0.255522 0.000000 0.333333 0.400000 4
0 0.527706 0.255522 0.000000 0.333333 0.600000 4
0 -0.527703 0.255522 0.000000 0.666667 0.600000 4
0 -0.527703 -0.255522 0.000000 0.666667 0.400000 4
0 0.527706 0.255522 0.000000 0.333333 0.600000 4
0 -0.527703 -0.255522 0.000000 0.666667 0.400000 4
0 0.527706 -0.255522 0.000000 0.333333 0.400000 4
0 -0.527703 -0.255522 0.000000 0.666667 0.400000 4
0 -0.527703 0.255522 0.000000 0.666667 0.600000 4
0 -1.583113 0.255522 0.000000 1.000000 0.600000 4
0 -0.527703 -0.255522 0.000000 0.666667 0.400000 4
0 -1.583113 0.255522 0.000000 1.000000 0.600000 4
0 -1.583113 -0.255522 0.000000 1.000000 0.400000 4
0 1.583113 0.766563 0.000000 0.000000 0.800000 4
0 0.527706 0.766563 0.000000 0.333333 0.800000 4
0 0.527706 0.255522 0.000000 0.333333 0.600000 4
0 1.583113 0.766563 0.000000 0.000000 0.800000 4
0 0.527706 0.255522 0.000000 0.333333 0.600000 4
0 1.583113 0.255522 0.000000 0.000000 0.600000 4
0 0.527706 0.255522 0.000000 0.333333 0.600000 4
0 0.527706 0.766563 0.000000 0.333333 0.800000 4
0 -0.527703 0.766563 0.000000 0.666667 0.800000 4
0 0.527706 0.255522 0.000000 0.333333 0.600000 4
0 -0.527703 0.766563 0.000000 0.666667 0.800000 4
0 -0.527703 0.255522 0.000000 0.666667 0.600000 4
0 -0.527703 0.766563 0.000000 0.666667 0.800000 4
0 -1.583113 0.766563 0.000000 1.000000 0.800000 4
0 -1.583113 0.255522 0.000000 1.000000 0.600000 4
0 -0.527703 0.766563 0.000000 0.666667 0.800000 4
0 -1.583113 0.255522 0.000000 1.000000 0.600000 4
0 -0.527703 0.255522 0.000000 0.666667 0.600000 4
0 1.583113 0.766563 0.000000 0.000000 0.800000 4
0 1.583113 1.277605 0.000000 0.000000 1.000000 4
0 0.527706 1.277605 0.000000 0.333333 1.000000 4
0 1.583113 0.766563 0.000000 0.000000 0.800000 4
0 0.527706 1.277605 0.000000 0.333333 1.000000 4
0 0.527706 0.766563 0.000000 0.333333 0.800000 4
0 0.527706 1.277605 0.000000 0.333333 1.000000 4
0 -0.527703 1.277605 0.000000 0.666667 1.000000 4
0 -0.527703 0.766563 0.000000 0.666667 0.800000 4
0 0.527706 1.277605 0.000000 0.333333 1.000000 4
0 -0.527703 0.766563 0.000000 0.666667 0.800000 4
0 0.527706 0.766563 0.000000 0.333333 0.800000 4
0 -0.527703 0.766563 0.000000 0.666667 0.800000 4
0 -0.527703 1.277605 0.000000 0.666667 1.000000 4
0 -1.583113 1.277605 0.000000 1.000000 1.000000 4
0 -0.527703 0.766563 0.000000 0.666667 0.800000 4
0 -1.583113 1.277605 0.000000 1.000000 1.000000 4
0 -1.583113 0.766563 0.000000 1.000000 0.800000 4
1
0.000000 0.000000 1.000000
30
0 0 1 2 0 0 0 1
0 3 4 5 0 0 0 1
0 6 7 8 0 0 0 1
0 9 10 11 0 0 0 1
0 12 13 14 0 0 0 1
0 15 16 17 0 0 0 1
0 18 19 20 0 0 0 1
0 21 22 23 0 0 0 1
0 24 25 26 0 0 0 1
0 27 28 29 0 0 0 1
0 30 31 32 0 0 0 1
0 33 34 35 0 0 0 1
0 36 37 38 0 0 0 1
0 39 40 41 0 0 0 1
0 42 43 44 0 0 0 1
0 45 46 47 0 0 0 1
0 48 49 50 0 0 0 1
0 51 52 53 0 0 0 1
0 54 55 56 0 0 0 1
0 57 58 59 0 0 0 1
0 60 61 62 0 0 0 1
0 63 64 65 0 0 0 1
0 66 67 68 0 0 0 1
0 69 70 71 0 0 0 1
0 72 73 74 0 0 0 1
0 75 76 77 0 0 0 1
0 78 79 80 0 0 0 1
0 81 82 83 0 0 0 1
0 84 85 86 0 0 0 1
0 87 88 89 0 0 0 1
"luz_6" 0 0
90
0 0.434622 -0.988586 0.000000 0.000000 0.000000 5
0 0.434622 -0.593152 0.000000 0.000000 0.200000 5
0 -0.382027 -0.593152 0.000000 0.333333 0.200000 5
0 0.434622 -0.988586 0.000000 0.000000 0.000000 5
0 -0.382027 -0.593152 0.000000 0.333333 0.200000 5
0 -0.382027 -0.988586 0.000000 0.333333 0.000000 5
0 -0.382027 -0.593152 0.000000 0.333333 0.200000 5
0 -1.198690 -0.593152 0.000000 0.666667 0.200000 5
0 -1.198689 -0.988586 0.000000 0.666667 0.000000 5
0 -0.382027 -0.593152 0.000000 0.333333 0.200000 5
0 -1.198689 -0.988586 0.000000 0.666667 0.000000 5
0 -0.382027 -0.988586 0.000000 0.333333 0.000000 5
0 -1.198689 -0.988586 0.000000 0.666667 0.000000 5
0 -1.198690 -0.593152 0.000000 0.666667 0.200000 5
0 -2.015343 -0.593152 0.000000 1.000000 0.200000 5
0 -1.198689 -0.988586 0.000000 0.666667 0.000000 5
0 -2.015343 -0.593152 0.000000 1.000000 0.200000 5
0 -2.015343 -0.988586 0.000000 1.000000 0.000000 5
0 0.434622 -0.197718 0.000000 0.000000 0.400000 5
0 -0.382027 -0.197718 0.000000 0.333333 0.400000 5
0 -0.382027 -0.593152 0.000000 0.333333 0.200000 5
0 0.434622 -0.197718 0.000000 0.000000 0.400000 5
0 -0.382027 -0.593152 0.000000 0.333333 0.200000 5
0 0.434622 -0.593152 0.000000 0.000000 0.200000 5
0 -0.382027 -0.593152 0.000000 0.333333 0.200000 5
0 -0.382027 -0.197718 0.000000 0.333333 0.400000 5
0 -1.198690 -0.197718 0.000000 0.666667 0.400000 5
0 -0.382027 -0.593152 0.000000 0.333333 0.200000 5
0 -1.198690 -0.197718 0.000000 0.666667 0.400000 5
0 -1.198690 -0.593152 0.000000 0.666667 0.200000 5
0 -1.198690 -0.197718 0.000000 0.666667 0.400000 5
0 -2.015343 -0.197718 0.000000 1.000000 0.400000 5
0 -2.015343 -0.593152 0.000000 1.000000 0.200000 5
0 -1.198690 -0.197718 0.000000 0.666667 0.400000 5
0 -2.015343 -0.593152 0.000000 1.000000 0.200000 5
0 -1.198690 -0.593152 0.000000 0.666667 0.200000 5
0 0.434622 -0.197718 0.000000 0.000000 0.400000 5
0 0.434622 0.197718 0.000000 0.000000 0.600000 5
0 -0.382027 0.197718 0.000000 0.333333 0.600000 5
0 0.434622 -0.197718 0.000000 0.000000 0.400000 5
0 -0.382027 0.197718 0.000000 0.333333 0.600000 5
0 -0.382027 -0.197718 0.000000 0.333333 0.400000 5
0 -0.382027 0.197718 0.000000 0.333333 0.600000 5
0 -1.198690 0.197718 0.000000 0.666667 0.600000 5
0 -1.198690 -0.197718 0.000000 0.666667 0.400000 5
0 -0.382027 0.197718 0.000000 0.333333 0.600000 5
0 -1.198690 -0.197718 0.000000 0.666667 0.400000 5
0 -0.382027 -0.197718 0.000000 0.333333 0.400000 5
0 -1.198690 -0.197718 0.000000 0.666667 0.400000 5
0 -1.198690 0.197718 0.000000 0.666667 0.600000 5
0 -2.015343 0.197718 0.000000 1.000000 0.600000 5
0 -1.198690 -0.197718 0.000000 0.666667 0.400000 5
0 -2.015343 0.197718 0.000000 1.000000 0.600000 5
0 -2.015343 -0.197718 0.000000 1.000000 0.400000 5
0 0.434622 0.593152 0.000000 0.000000 0.800000 5
0 -0.382027 0.593152 0.000000 0.333333 0.800000 5
0 -0.382027 0.197718 0.000000 0.333333 0.600000 5
0 0.434622 0.593152 0.000000 0.000000 0.800000 5
0 -0.382027 0.197718 0.000000 0.333333 0.600000 5
0 0.434622 0.197718 0.000000 0.000000 0.600000 5
0 -0.382027 0.197718 0.000000 0.333333 0.600000 5
0 -0.382027 0.593152 0.000000 0.333333 0.800000 5
0 -1.198690 0.593152 0.000000 0.666667 0.800000 5
0 -0.382027 0.197718 0.000000 0.333333 0.600000 5
0 -1.198690 0.593152 0.000000 0.666667 0.800000 5
0 -1.198690 0.197718 0.000000 0.666667 0.600000 5
0 -1.198690 0.593152 0.000000 0.666667 0.800000 5
0 -2.015343 0.593152 0.000000 1.000000 0.800000 5
0 -2.015343 0.197718 0.000000 1.000000 0.600000 5
0 -1.198690 0.593152 0.000000 0.666667 0.800000 5
0 -2.015343 0.197718 0.000000 1.000000 0.600000 5
0 -1.198690 0.197718 0.000000 0.666667 0.600000 5
0 0.434622 0.593152 0.000000 0.000000 0.800000 5
0 0.434622 0.988586 0.000000 0.000000 1.000000 5
0 -0.382027 0.988586 0.000000 0.333333 1.000000 5
0 0.434622 0.593152 0.000000 0.000000 0.800000 5
0 -0.382027 0.988586 0.000000 0.333333 1.000000 5
0 -0.382027 0.593152 0.000000 0.333333 0.800000 5
0 -0.382027 0.988586 0.000000 0.333333 1.000000 5
0 -1.198690 0.988586 0.000000 0.666667 1.000000 5
0 -1.198690 0.593152 0.000000 0.666667 0.800000 5
0 -0.382027 0.988586 0.000000 0.333333 1.000000 5
0 -1.198690 0.593152 0.000000 0.666667 0.800000 5
0 -0.382027 0.593152 0.000000 0.333333 0.800000 5
0 -1.198690 0.593152 0.000000 0.666667 0.800000 5
0 -1.198690 0.988586 0.000000 0.666667 1.000000 5
0 -2.015343 0.988586 0.000000 1.000000 1.000000 5
0 -1.198690 0.593152 0.000000 0.666667 0.800000 5
0 -2.015343 0.988586 0.000000 1.000000 1.000000 5
0 -2.015343 0.593152 0.000000 1.000000 0.800000 5
1
0.000000 0.000000 1.000000
30
0 0 1 2 0 0 0 1
0 3 4 5 0 0 0 1
0 6 7 8 0 0 0 1
0 9 10 11 0 0 0 1
0 12 13 14 0 0 0 1
0 15 16 17 0 0 0 1
0 18 19 20 0 0 0 1
0 21 22 23 0 0 0 1
0 24 25 26 0 0 0 1
0 27 28 29 0 0 0 1
0 30 31 32 0 0 0 1
0 33 34 35 0 0 0 1
0 36 37 38 0 0 0 1
0 39 40 41 0 0 0 1
0 42 43 44 0 0 0 1
0 45 46 47 0 0 0 1
0 48 49 50 0 0 0 1
0 51 52 53 0 0 0 1
0 54 55 56 0 0 0 1
0 57 58 59 0 0 0 1
0 60 61 62 0 0 0 1
0 63 64 65 0 0 0 1
0 66 67 68 0 0 0 1
0 69 70 71 0 0 0 1
0 72 73 74 0 0 0 1
0 75 76 77 0 0 0 1
0 78 79 80 0 0 0 1
0 81 82 83 0 0 0 1
0 84 85 86 0 0 0 1
0 87 88 89 0 0 0 1

Materials: 1
"luz_red"
0.200000 0.200000 0.200000 1.000000
0.800000 0.800000 0.800000 1.000000
1.000000 1.000000 1.000000 1.000000
1.000000 1.000000 1.000000 1.000000
0.000000
1.000000
"luz_red.png"
""

Bones: 6
"L1"
""
8 0.000000 0.000000 0.000000 0.000000 -0.000000 0.000000
9
1.000000 31.527477 5.000000 0.000000
90.000000 -35.615379 5.000000 0.000000
95.000000 -38.743259 3.705881 0.000000
100.000000 -39.912830 1.205881 0.000000
105.000000 -39.722511 -1.305409 0.000000
110.000000 -38.978462 -3.567313 0.000000
115.000000 -37.367355 -5.305408 0.000000
120.000000 -34.967354 -5.145409 0.000000
125.000000 -30.867355 -5.007908 0.000000
9
1.000000 0.000000 -0.000000 0.000000
90.000000 0.000000 -0.000000 0.000000
95.000000 0.000000 -0.000000 0.785398
100.000000 0.000000 -0.000000 1.588250
105.000000 0.000000 -0.000000 1.762783
110.000000 0.000000 -0.000000 2.129302
115.000000 0.000000 -0.000000 2.932153
120.000000 0.000000 -0.000000 3.141592
125.000000 0.000000 -0.000000 3.141592
"L2"
""
8 0.000000 0.000000 0.000000 0.000000 -0.000000 0.000000
9
1.000000 34.091576 4.999999 0.000000
90.000000 -33.051285 4.999999 0.000000
95.000000 -36.379162 4.999999 0.000000
100.000000 -38.948730 3.599999 0.000000
105.000000 -39.851959 1.477419 0.000000
110.000000 -39.947197 -0.903533 0.000000
115.000000 -39.491207 -3.432393 0.000000
120.000000 -37.771210 -4.952393 0.000000
125.000000 -33.696209 -5.027393 0.000000
9
1.000000 0.000000 -0.000000 0.000000
90.000000 0.000000 -0.000000 0.000000
95.000000 0.000000 -0.000000 0.000000
100.000000 0.000000 -0.000000 0.785398
105.000000 0.000000 -0.000000 1.466077
110.000000 0.000000 -0.000000 1.535890
115.000000 0.000000 -0.000000 2.059489
120.000000 0.000000 -0.000000 2.722714
125.000000 0.000000 -0.000000 -3.141592
"L3"
""
8 0.000000 0.000000 0.000000 0.000000 -0.000000 0.000000
9
1.000000 36.476196 5.000000 0.000000
90.000000 -30.666664 5.000000 0.000000
95.000000 -33.971012 5.000000 0.000000
100.000000 -37.040581 5.000000 0.000000
105.000000 -38.685745 3.451614 0.000000
110.000000 -39.685745 1.546852 0.000000
115.000000 -40.106384 -1.048386 0.000000
120.000000 -39.346382 -3.448386 0.000000
125.000000 -36.133881 -5.010886 0.000000
9
1.000000 0.000000 -0.000000 0.000000
90.000000 0.000000 -0.000000 0.000000
95.000000 0.000000 -0.000000 0.000000
100.000000 0.000000 -0.000000 0.174533
105.000000 0.000000 -0.000000 0.698132
110.000000 0.000000 -0.000000 1.204277
115.000000 0.000000 -0.000000 1.500983
120.000000 0.000000 -0.000000 2.164208
125.000000 0.000000 -0.000000 3.141592
"L4"
""
8 0.000000 0.000000 0.000000 0.000000 -0.000000 0.000000
9
1.000000 -30.857145 -5.000000 0.000000
90.000000 35.571419 -5.000000 0.000000
95.000000 38.238083 -4.200000 0.000000
100.000000 40.188084 -1.950000 0.000000
105.000000 40.238087 1.300000 0.000000
110.000000 39.061619 4.005882 0.000000
115.000000 36.607075 5.058514 0.000000
120.000000 34.112377 5.087168 0.000000
125.000000 31.506744 5.016746 0.000000
9
1.000000 0.000000 -0.000000 0.000000
90.000000 0.000000 -0.000000 0.000000
95.000000 0.000000 -0.000000 0.767945
100.000000 0.000000 -0.000000 1.413717
105.000000 0.000000 -0.000000 1.658063
110.000000 0.000000 -0.000000 2.286381
115.000000 0.000000 -0.000000 3.124139
120.000000 0.000000 -0.000000 3.124139
125.000000 0.000000 -0.000000 -3.141592
"L5"
""
8 0.000000 0.000000 0.000000 0.000000 -0.000000 0.000000
9
1.000000 -33.720913 -5.000000 0.000000
90.000000 32.707657 -5.000000 0.000000
95.000000 35.707661 -5.000000 0.000000
100.000000 38.612206 -4.359090 0.000000
105.000000 40.273323 -1.414645 0.000000
110.000000 40.214497 1.703001 0.000000
115.000000 38.997059 4.050158 0.000000
120.000000 36.804310 4.998876 0.000000
125.000000 34.100086 4.998876 0.000000
9
1.000000 0.000000 -0.000000 0.000000
90.000000 0.000000 -0.000000 0.000000
95.000000 0.000000 -0.000000 0.122173
100.000000 0.000000 -0.000000 0.628319
105.000000 0.000000 -0.000000 1.518437
110.000000 0.000000 -0.000000 1.780237
115.000000 0.000000 -0.000000 2.460915
120.000000 0.000000 -0.000000 3.019420
125.000000 0.000000 -0.000000 -3.141592
"L6"
""
8 0.000000 0.000000 0.000000 0.000000 -0.000000 0.000000
10
1.000000 -36.120449 -4.993007 0.000000
90.000000 30.308119 -4.993007 0.000000
95.000000 33.241444 -5.059674 0.000000
100.000000 36.045986 -5.018764 0.000000
104.000000 38.655930 -4.174865 0.000000
105.000000 39.012653 -3.624320 0.000000
110.000000 40.306770 -0.918437 0.000000
115.000000 40.127346 1.557639 0.000000
120.000000 39.178627 3.531998 0.000000
125.000000 36.488483 5.010871 0.000000
10
1.000000 0.000000 -0.000000 0.000000
90.000000 0.000000 -0.000000 0.000000
95.000000 0.000000 -0.000000 0.000000
100.000000 0.000000 -0.000000 0.000000
104.000000 0.000000 -0.000000 0.698132
105.000000 0.000000 -0.000000 0.872665
110.000000 0.000000 -0.000000 1.518437
115.000000 0.000000 -0.000000 1.570797
120.000000 0.000000 -0.000000 2.164209
125.000000 0.000000 -0.000000 3.141592
GroupComments: 0
MaterialComments: 0
BoneComments: 0
ModelComment: 0
